233 249 311 323 333 344 345 352 361 378 385 394 405 414 424 434 446 452 458 464 1127 1578 1579 1582 1584 1586 1588 1591 1595 1597 1598 1601 1603 1627 1631 1645 1648 1652 1659 1661 1665 1687 1688 1691 1695 1698 1701 1713 1729 1743 1749 1753 1756 1948 2036 2040 2043 2125 2128 2131 2132 2136 2139 2167 2169 2172 2174 2177 2180 2215 2216 2217 2218 2250 2253 2254 2260 2261 2267 2268 2276 2277 2284 2285 2300 2304 2309 2322 2323 2330 2337 2340 2341 2343 2350 

233 249 311 323 333 344 345 352 361 378 385 394 405 414 424 434 446 452 458 464 1127 1578 1579 1582 1584 1586 1588 1591 1595 1597 1598 1601 1603 1627 1631 1645 1648 1652 1659 1661 1665 1687 1688 1691 1695 1698 1701 1713 1729 1743 1749 1753 1756 1948 2036 2040 2043 2125 2128 2131 2132 2136 2139 2167 2169 2172 2174 2177 2180 2215 2216 2217 2218 2250 2253 2254 2260 2261 2267 2268 2276 2277 2284 2285 2300 2304 2309 2322 2323 2330 2337 2340 2341 2343 2350 

233 249 311 323 333 344 345 352 617 618 621 623 624 626 654 655 657 660 662 663 664 666 669 672 683 686 699 700 701 704 711 720 727 729 736 740 1948 2036 2040 2043 2078 2082 2084 2085 2088 2089 2090 2092 

233 249 311 323 333 344 345 352 789 843 844 847 849 850 854 855 857 858 861 867 873 874 881 883 885 889 892 1948 2036 2040 2043 

233 249 311 323 333 344 345 352 945 1003 1004 1007 1009 1010 1012 1015 1016 1024 1025 1026 1028 1033 1034 1043 1044 1048 1051 1055 1059 1062 1063 1064 1065 1066 1069 1070 1072 1076 1079 1948 

233 249 311 323 333 344 345 352 361 378 385 394 405 414 424 434 446 452 458 464 1127 1183 1247 1315 1371 1432 1502 1578 1579 1582 1584 1585 1586 1587 1588 1589 1591 1592 1595 1597 1598 1601 1603 1627 1628 1631 1632 1633 1634 1636 1637 1639 1640 1642 1644 1645 1648 1649 1652 1659 1661 1665 1667 1668 1671 1677 1679 1687 1688 1691 1695 1696 1698 1701 1713 1714 1726 1729 1743 1749 1753 1756 1948 2036 2040 2043 2125 2128 2131 2132 2136 2139 2167 2169 2172 2174 2177 2180 2215 2216 2217 2218 2250 2253 2254 2260 2261 2267 2268 2276 2277 2284 
2285 2300 2302 2304 2309 2322 2323 2330 2337 2340 2341 2343 2350 

233 249 311 323 333 344 345 352 474 480 486 492 504 516 1801 1802 1805 1807 1808 1810 1820 1821 1850 1852 1858 1859 1862 1863 1865 1872 1873 1876 1877 1878 1881 1882 1883 1886 1887 1888 1891 1892 1897 1898 1906 1907 1909 1915 1918 1948 2036 2040 2043