1948	7
323	7
333	7
345	7
344	7
352	7
233	7
249	7
311	7
2036	6
2043	6
2040	6
1701	3
446	3
2343	3
452	3
458	3
2350	3
1601	3
2139	3
2254	3
2136	3
1729	3
1603	3
464	3
2261	3
2260	3
2128	3
2125	3
1713	3
2250	3
2132	3
2253	3
2131	3
1743	3
2277	3
2276	3
1749	3
361	3
1627	3
2284	3
2285	3
2268	3
2267	3
378	3
1645	3
2177	3
385	3
1648	3
2180	3
1753	3
1631	3
2167	3
2169	3
394	3
1756	3
2174	3
2172	3
1665	3
1661	3
1652	3
1659	3
1687	3
1688	3
1691	3
1588	3
1584	3
1586	3
1591	3
405	3
1698	3
1579	3
1578	3
2304	3
1695	3
2300	3
2309	3
414	3
1582	3
2215	3
2217	3
1127	3
2216	3
2337	3
2218	3
424	3
2341	3
2340	3
1598	3
1595	3
1597	3
2323	3
2322	3
434	3
2330	3
1026	1
1821	1
1028	1
1820	1
1025	1
